nrollouts: 30
# HEADER 1
6.12426721733 1.98961595462 4.54305938995 11.6204450934 8.36668688372 13.6203770561 16.2298758261 29.2292848118 8.19808589351 0.223041231137 16.6700879522 5.81044308422 47.0834240993 29.0522301089 6.35048434341 0.458720210248 6.18435603169 0.0 0.0 0.0 0.353967308862 20.326965219 6.55310373834 0.0 40.5500347199 5.50916596579 
0.0 0.0 0.0 8.38751884374 8.9326860935 18.5162979878 13.007847779 30.540709719 1.26620899076 0.0 8.33031576186 0.0 43.9937418144 27.7222389126 3.09262169604 0.0 3.99310209512 0.0 0.0 0.0 0.0 16.7845636512 1.69911133897 0.0 37.8143169218 35.8935297295 
4.14180437887 2.7806910638 2.77030660671 2.45362434505 11.4846403072 24.8838429419 0.0 24.3307365197 0.0 9.8432258836 8.85340059017 0.0 37.3462802129 26.9601949911 7.23220476488 0.282723502634 3.911764787 0.0 0.0 0.0 1.02912585554 15.7165496682 1.03975700818 2.82402463732 10.2188460611 -7.00928411086 
0.534243806167 0.0 5.77734258549 5.27348210609 0.323512650005 21.0825288243 0.0 21.7410829459 0.0 0.0 2.90078439105 0.897743876041 35.7073017981 14.3768927172 0.0 0.0 0.72546100429 0.0 0.0 1.24083290035 2.56999247544 14.070657811 1.51110186323 0.0385543053163 -20.0 -8.16256267654 
19.1348775723 9.90853722282 14.3798370053 13.7770380889 0.0 15.4244853744 0.239913865083 21.1172867069 0.0 0.0 3.64054364546 0.0 38.8949921595 18.2763021015 1.308573052 0.0 0.964950458326 0.0 0.0 0.435764771697 5.94733272657 8.74760311767 2.48164104245 1.98285245479 18.2884108833 45.8173945641 
0.0 14.4450675282 7.74099702003 1.20344919586 0.167604602364 30.2216340185 6.08464751556 39.9660592339 0.0 0.0 0.0 0.0 41.6843228141 27.3672930154 5.1051902892 1.09107810024 6.57587236267 0.0 0.959283172099 2.11275217099 0.0 16.4575271028 7.96153887085 0.0 20.334211088 -14.7538449312 
17.0494618913 17.6786473415 2.1949923687 0.0 7.9475596289 23.7788493291 0.0 24.2410775975 7.71358154593 2.18092648246 0.0 0.0128933208507 21.3596940903 3.69151511865 0.0 0.0 0.0 0.0 1.96883013327 2.79447154189 0.0 4.61635691176 0.0 0.0 -20.0 -15.7586777648 
8.197624098 0.0 0.0 0.0 0.0 27.0650808717 9.31325203322 37.5507748004 0.0 0.0 1.39252460835 0.0 26.5201753212 14.4440233876 0.0 0.0 0.0 0.0 2.68680391493 1.57751053524 0.0 4.7220678327 0.0 0.180981395723 -14.7668878654 40.1592190655 
0.0 4.20448192434 0.0 0.0 0.0 15.9637148787 5.34113889084 31.2911940256 0.0 0.0 0.0 0.0 46.0602277109 24.970908809 5.48662029262 0.0 0.492762125539 0.0 0.0 0.131124972498 3.96156291409 19.4637977663 5.22931307353 0.0 34.0981212796 3.25016715066 
0.0 0.0 0.0 0.0 0.0 20.6659524499 2.10278273074 33.4668554185 0.0 0.0 0.0 0.0 44.0655543122 22.2954327771 2.88850196067 0.0 8.41785575011 3.11010267123 0.0 0.0 7.41416095414 16.1122889196 2.64867912949 0.0 0.26243318302 81.3225993385 
0.0 0.0 2.45605489579 0.115153504118 2.24153366749 24.4749884061 0.0 26.0873957028 3.45490975372 0.0 7.33923919581 16.3059661764 37.7536628278 19.3114206326 2.5202868158 0.0 0.0 2.97230921294 0.0 2.58063088322 6.73158195638 15.6745006161 0.841381253762 0.236955275466 26.9831523823 26.3500635365 
0.592139381008 3.09314160142 0.0 1.81928915905 3.21633867979 34.7087178399 3.75840089787 32.2788234743 10.7037576276 2.10647624729 0.0 3.35306313522 37.8333760903 25.7025293021 4.66974875893 1.78777029241 3.38247558943 0.0 0.0 0.727249405531 0.0 24.8265650359 9.9854405849 6.92798916549 12.6587527468 3.45909497724 
0.0 0.0 0.913683081074 0.0 0.0 19.2110804029 1.10285181549 15.8548068949 0.0 0.0 0.0 0.980162392154 24.2366801887 18.8385137928 0.0 2.39677720842 2.87269047205 2.88295353877 3.58681362785 2.70363871074 4.15606945023 5.66366680025 2.79142143556 0.671610271264 -20.0 44.8251953489 
0.542829792288 0.0 0.0 0.0 0.738387778864 20.5279144302 0.492042081082 18.903408775 2.071265063 0.0 0.0 3.244831183 29.6401674706 27.3921072669 4.01530194736 0.0 8.585886391 0.0 3.51003957515 0.194788684011 0.0 14.2308620936 0.0 2.00621057704 -13.7175296942 -2.83251521645 
0.0 1.04956792373 4.01584086441 1.51933240605 0.389867568797 14.5741574155 0.980069702417 14.1429092838 0.0 0.0 0.0 0.0 34.4687447081 28.7953639405 0.0 0.470443157187 12.5693511312 0.0 10.7274732719 0.0 0.0 11.6168045664 5.73888126821 0.0 -20.0 -20.0 
0.247520550125 0.0 0.0 0.0 2.0880710776 1.06773892426 4.04804512192 19.299494835 0.642945193706 7.03251869047 3.6622189378 0.0 49.4623368262 41.4389955336 6.89906767348 2.18932009279 9.17023863537 0.0 6.8804139222 3.50134799441 4.87610581919 18.6149183178 6.89599396987 2.72239602316 -20.0 -8.45402936269 
10.5922452944 10.3780710763 2.73914957737 8.43550859798 11.8902351535 1.3564645343 16.7556252445 21.0854885566 8.1958589327 7.62663744446 20.263733382 6.95893966723 51.7099117107 35.8169297244 3.21169083239 0.0 5.71898610729 0.0 1.93332588682 0.0 2.19852881207 20.8106195399 12.4914411367 2.81161459917 22.7289541436 18.2106450212 
3.08518507342 0.0 0.0 5.1901147827 8.44294489742 10.9899525643 15.0269068105 37.6074244076 1.7977955168 0.0 7.80649799686 0.0372435130738 42.2497534595 33.0700991438 1.39548166562 0.0 14.5746771912 0.0 7.0419389444 0.0 0.0 27.9344863617 4.84299359743 0.0 35.705940933 55.3039299635 
0.0 0.837202039797 0.0 0.0 5.07166860524 23.5604359666 3.26217933396 27.6171408852 0.0 0.0 4.61790752337 0.0 37.8874826536 34.2544156275 4.77665105574 3.26593338791 14.0776818179 0.0 7.86877172147 0.0 0.561383416013 18.609330933 7.31671407803 1.22096091726 -20.0 -4.18999179209 
0.0 0.518993266512 2.12647586328 0.817035257902 0.0 7.60557176074 0.0 11.1629766994 0.0 2.54337857455 0.0 0.245620814172 34.456986061 25.4220668205 0.814217877756 0.0 5.46040652367 0.0 2.10160929377 0.0 0.0 11.9676817463 1.3133164467 0.0 -20.0 -4.49264062103 
9.20720063986 12.5094172091 7.80412576716 9.39534611402 0.0 0.0 16.618016794 14.2813576366 3.94539709331 1.02331442853 12.7153249512 0.542532850146 34.6938106128 29.8541188018 3.44544307743 0.0 17.1466459217 0.0 8.69301743861 4.11821445028 0.0 15.5862991635 0.311953061492 0.0 39.5995410977 -2.92819626838 
3.29656640501 2.08604348607 1.47872668734 3.06291372674 8.21854896828 6.24539099841 9.29947388601 25.5202481876 0.0 6.23959453639 5.00171830968 0.0 47.3601377461 38.8114084945 9.99182381118 3.86874814129 14.6719330808 1.69251349131 4.37171818044 4.05967090401 0.721957736265 30.4518673863 11.8829797864 0.491753466608 12.8607025975 -20.0 
0.0 0.0 6.39451806917 0.0 1.82419625645 9.11974364968 4.20975502512 26.3121462845 0.0 0.0 0.0 0.0 52.4845195841 35.2756123315 8.7408052464 0.495116431395 5.20329450919 0.318189785488 0.0 6.28805234678 5.30117247377 26.935972733 8.89432827371 4.24837660649 -20.0 -15.7615740767 
3.12686945421 6.39101606092 9.51867714221 6.75160816062 4.13575040083 3.14395630542 0.687688262713 10.3239589814 0.0 0.0 0.0344869196588 2.97095947141 42.5399222686 26.2259255863 5.83973853501 0.0 5.81914498183 4.49601347514 0.0 0.0589091252512 3.36952370071 10.8436631925 8.56661551755 3.92418208133 22.1317276905 38.3005651026 
0.0 0.0 0.0 1.16037934257 5.8376910473 9.41639382922 11.5788628505 26.7184986344 0.0 1.31646394967 3.41823849186 0.0 52.3164614974 34.8188116241 4.18913018147 0.0 7.59170419669 0.0 1.58578840818 0.0 0.0374620289825 28.217626304 14.5947146273 5.5614104789 -20.0 -15.8425941452 
7.54803343798 0.0 0.0 0.0 0.0 1.62698357992 2.20683199585 22.1013366465 4.34244517471 5.5417285033 5.0991827476 4.57729926628 51.286249753 31.8207167889 0.84743411337 0.0 5.60718966693 0.0 0.0 0.0 2.39836723617 18.9526434395 16.2949666724 4.14076078257 -6.53402693863 -20.0 
2.68296000374 3.58152654559 0.0 0.928914572544 6.3527595453 2.14529114572 0.906408056662 13.1438911085 0.0 13.1540793313 3.5874765898 1.5737251247 46.8391570545 25.4319273222 4.16960666756 0.0 2.05808515953 0.0 0.0 2.85448960144 0.0477348052418 19.4032450624 8.40109104093 0.367539811872 -15.2725574278 6.16161521971 
0.0 3.37745829004 0.0 0.661025190419 0.965684214831 0.0 6.94453677923 11.4061237153 0.0 7.8838712962 0.514152102749 0.0 46.3375882351 37.6738222141 3.4607271804 0.0 9.11760476664 0.0 3.93667685082 0.0 0.0 25.9942376636 12.3037824882 0.0 -20.0 -0.12722795353 
3.15632650297 7.70162844884 1.75634440854 0.452585550168 3.41690138222 0.0 1.59760341294 11.4912398428 2.48218647217 13.9647761921 5.8935640427 0.0 45.0136279092 36.1446097694 3.07798270734 0.0 9.88479940828 0.0 6.70615883335 0.0 0.0 25.7460272792 12.1264131365 0.304930070279 19.8866815836 -20.0 
1.47826168064 5.70009427071 0.0 0.0 5.47504788703 8.76530007844 1.80100569046 23.5271030494 2.95878305088 6.80193860597 2.32740639033 0.0 46.5930417487 34.3544202651 4.86464451896 0.0 7.059226605 0.0 0.0 0.0 0.0 24.6224069853 13.6710466405 0.0 -18.292252949 -11.697458852 
0.0 2.13906436171 0.0 6.65876594544 7.25667897199 10.6959319998 4.94653452685 24.2598723669 0.0 1.64065513593 0.0 0.0 45.2435913641 31.1089805782 8.31066197665 0.0 4.41886066384 1.21911666189 0.0 0.143412466688 0.953551836344 31.2513920881 10.1443422464 1.68251332334 11.2708579676 49.3406423414 
0.0 4.03333601329 0.0 0.780179752191 0.0 24.2577657497 3.62946563332 30.4269551407 1.02172450668 13.6648983301 10.0661215634 5.25548478255 49.5432626393 37.9766260741 5.41092662041 0.0 6.32448249975 0.0 0.0 0.0 2.1181399612 28.453889766 9.68904517242 2.76196654634 2.62156944507 -18.4727208659 
3.20525994681 0.0 3.0212999785 7.64570513576 9.15823767944 13.0108586218 20.7918100967 25.1582163114 2.9985872674 0.0 11.1116252041 5.65225313986 42.7886906458 23.7750945147 3.23488427437 0.0 2.6393211224 0.0 0.0 1.56290815575 1.45765481592 18.1571084129 8.10339537515 0.0 11.9603240585 -2.50772004072 
0.0 0.0 0.0 0.0 0.0 21.2425112212 5.0142923808 38.4122678094 0.244649728596 0.0 0.0 0.0 38.1098136044 23.3178589897 3.15477501368 0.0 1.59791999167 0.0 0.0 0.0 5.09830701089 21.2810955212 8.20891867896 0.0 -16.639779852 -20.0 
3.56200656048 0.0 0.0 0.202631531453 1.02677864527 8.17950911703 5.03272333916 24.6366655228 0.0 2.31144259259 0.0 0.0 38.6053925192 24.9288831114 0.280451058427 0.0 0.162180959753 0.0 0.0 0.225068724832 2.98480996556 20.0042440496 3.84104112147 0.729432348791 65.1299496522 -20.0 
0.0 0.0 0.0 0.0 0.0 4.5221369274 2.65483986796 24.1720356554 0.0 1.10663784196 0.0 0.0 55.3650794193 34.523324975 7.51542444648 7.4142090437 14.4513355979 9.23986622314 8.9074575164 8.20310142682 10.6104050643 26.7984204278 25.9008527963 7.35555484508 -20.0 -20.0 
2.64930176755 1.9308965107 4.5495690844 1.22953660802 0.0 0.0 2.39745454697 13.0864564853 0.381635041467 11.4397794525 5.09815070481 0.0 44.1268014502 28.1907792746 2.78790683742 0.0 1.47400596629 0.0 0.0 0.197701805079 3.34514490672 20.9850858625 9.05191614878 0.272226238867 -20.0 16.6894576007 
2.70097026875 8.76438541337 2.40147451419 0.0 5.0619942563 0.0 5.23815528601 12.466009446 0.0 6.63516741888 10.2871195591 0.0 37.7738732056 33.9540774004 0.0 0.0 15.4264344679 0.0 12.0313600698 3.15591115698 0.0 31.044929263 8.32318790685 0.0 5.15510256317 7.91985333807 
7.35700445122 10.9837623465 0.0 0.0 0.0 0.0 3.21854108316 8.84478741948 0.0 7.84636502516 13.0219651452 0.291716825729 27.3842269565 24.3090570983 3.02967385329 1.14410145815 21.2430559512 0.386142464334 25.1742512742 0.0 0.0 6.05651136574 2.13826431268 0.0 -7.78017633842 -18.5128970207 
0.657681968719 0.0 1.40228262555 0.0 0.910112762685 0.0 0.246973409502 8.43961923048 0.210013572099 9.94452617058 1.03825697872 9.93155729083 45.7837701137 32.9795967383 4.56839642804 0.537982014519 9.8418598877 4.80779923007 2.94787611475 0.0 0.0 25.6335034292 8.12015391676 3.85151942318 71.5307953141 -20.0 
0.0 0.0 0.0 0.0 0.0 0.0 13.8655191458 29.2317698975 8.04381899915 0.0 4.59884196382 0.0 50.9205166785 31.3997996014 6.83875493774 0.370656137543 6.62462545123 0.0 0.833650862691 1.73635650325 0.0 22.4645212798 11.8617486153 4.52437392335 -8.24440703533 -20.0 
0.0 9.1440913795 3.11553424431 0.375725594326 5.57728536839 1.62766964314 0.547202023922 21.285498444 1.69823654125 13.2343058326 4.74371586521 0.283972855278 50.6890152419 30.8381808761 3.18745611191 0.0 6.12158145969 0.0 1.19524528722 0.0337766800455 1.02387335742 22.085431764 13.5491411295 2.19143545979 -6.24849105492 -4.83073551574 
1.6836487677 3.01291305536 0.0 0.0 5.09267816466 0.726256463455 3.34969457237 22.680440426 0.536442098109 7.97479076923 3.46610568793 0.0 48.6478752004 30.8234642038 4.16687066804 0.0 5.73881845037 0.0 3.52211006389 0.0 0.0 24.79366193 12.8160591034 0.44179838867 17.2495835815 -20.0 
0.595324408181 5.2716851104 0.0 0.0 6.9054322135 6.01506516017 2.85312404401 31.0712306562 3.90901789585 8.36740407468 0.0 0.0 50.2002957601 27.5570240249 0.0 0.0 6.9167497324 0.0 2.40010250414 0.0 0.0 24.3561418742 13.1525027993 1.80723603448 -20.0 31.6284173721 
0.505631651384 2.69610323748 0.685688799553 0.0 4.77308524508 0.766682204404 3.81651145845 13.2140840536 2.60941274321 2.41603337899 0.452193913296 0.0 44.0166636219 33.1574032226 3.34551633303 0.0 10.1676760424 0.0 7.08776616612 0.0 0.0 18.0088838751 7.86047156967 0.948425432634 -17.6650200502 -20.0 
0.0 0.0 3.9186267723 6.63676379268 9.8846362662 6.01643280356 3.85706957238 13.036546494 0.824611228089 7.76185966047 1.50920761158 0.0 48.1369215017 34.4063839578 5.88206234657 0.0 5.34507756698 0.0 3.922943209 4.59977074527 0.793002826173 22.8086987361 14.4541340076 5.73547820875 14.0997309764 34.558489528 
0.755200014231 0.0 0.0 2.07856130218 3.41576848314 5.37390744024 7.62083196265 22.5683248059 0.366718661108 0.0 0.0 0.0 50.9200674615 34.1188430919 6.0551611201 1.50246077774 16.3393390426 0.746254881209 4.76690544378 0.674715838854 0.829254654599 30.7322713691 14.9802591723 5.64813260222 14.2008944286 -15.5810217159 
0.0 0.0 0.0 0.0 0.0 16.3669551921 3.26671995162 27.9376578426 0.0 0.0 0.0 0.0 44.1208269622 26.588349218 4.43162457167 2.86845415268 3.92196814135 0.204060315877 0.91092199573 3.4638157275 2.99709050922 15.422860884 8.82009869924 3.62525302359 -20.0 -20.0 
0.0 1.21232325483 0.0 0.0 0.640217030405 4.4182377547 3.07528241916 19.2871541889 0.0 3.83853430522 0.0 0.0 42.5057696967 24.9700671971 0.0 0.0 1.92808459152 0.0 0.2909831668 0.394309201368 1.2933174218 15.1199422082 10.1529962342 2.81836402013 -20.0 -2.58458940595 
0.0 4.38081466259 0.0 0.0 3.05601630747 0.0 3.3116704932 17.5024442955 1.98043887603 9.83993850093 2.26752142012 6.28455493092 46.7461914777 25.6365508273 1.86058616028 0.0 2.85141616704 0.0 0.0 1.60635740736 2.65394589127 19.7016214643 9.56096952564 6.47372991111 21.9777954256 -20.0 
# HEADER 2
